trk[i]:1,1;2,2;3,3;4,4;5,5;6,6;7,7;8,8;
rk[i]:1,97;2,97;3,98;4,97;5,97;6,97;7,97;8,98;

trk[i]:1,1;2,2;3,3;4,4;5,5;6,6;7,7;8,8;
rk[i]:1,97;2,97;3,98;4,97;5,97;6,97;7,97;8,98;
sum[i]:97,6;98,2;
sum[i]:97,6;98,8;
SA[i]:1,1;2,2;3,4;4,5;5,6;6,7;7,3;8,8;

w=1 p=1 m=127
trk[i]:1,8;2,1;3,3;4,4;5,5;6,6;7,2;8,7;
rk[i]:1,97;2,97;3,98;4,97;5,97;6,97;7,97;8,98;
sum[i]:97,6;98,2;
sum[i]:97,6;98,8;
SA[i]:1,1;2,4;3,5;4,6;5,2;6,7;7,8;8,3;
trk[i]:1,97;2,97;3,98;4,97;5,97;6,97;7,97;8,98;
rk[i]:1,1;2,2;3,4;4,1;5,1;6,1;7,2;8,3;

w=2 p=4 m=4
trk[i]:1,7;2,8;3,2;4,3;5,4;6,5;7,6;8,1;
rk[i]:1,1;2,2;3,4;4,1;5,1;6,1;7,2;8,3;
sum[i]:1,4;2,2;3,1;4,1;
sum[i]:1,4;2,6;3,7;4,8;
SA[i]:1,4;2,5;3,6;4,1;5,7;6,2;7,8;8,3;
trk[i]:1,1;2,2;3,4;4,1;5,1;6,1;7,2;8,3;
rk[i]:1,4;2,6;3,8;4,1;5,2;6,3;7,5;8,7;


6
